[gd_scene load_steps=4 format=2]

[ext_resource path="res://Assets/Fonts/ARCADE_I.TTF" type="DynamicFontData" id=1]
[ext_resource path="res://Scenes/PoemLabelContainer.gd" type="Script" id=2]

[sub_resource type="DynamicFont" id=16]
size = 60
outline_size = 3
use_filter = true
extra_spacing_top = 16
extra_spacing_bottom = 16
extra_spacing_space = -18
font_data = ExtResource( 1 )

[node name="PoemLabelContainer" type="Spatial"]
script = ExtResource( 2 )

[node name="Label3D" type="Label3D" parent="." groups=["poem_label"]]
transform = Transform( 1, 0, 0, 0, 0.984808, -0.173648, 0, 0.173648, 0.984808, 0, 30, -80 )
pixel_size = 0.1
offset = Vector2( -750, 0 )
shaded = true
modulate = Color( 0.0823529, 0.0627451, 0.109804, 0 )
outline_modulate = Color( 0.262745, 0.0980392, 0.466667, 0 )
text = "Dealer deals eleven cards each.
Ghosts (dealer and dealer’s opposite)
hold their cards face out,
can gain no knowledge, and do not play."
font = SubResource( 16 )
horizontal_alignment = 0
autowrap = true
width = 2400.0

[node name="Label3D2" type="Label3D" parent="." groups=["poem_label"]]
transform = Transform( -1, -1.51808e-08, -8.60947e-08, 0, 0.984808, -0.173648, 8.74228e-08, -0.173648, -0.984808, 0, 30, 80 )
pixel_size = 0.1
offset = Vector2( -750, 0 )
shaded = true
modulate = Color( 0.0823529, 0.0627451, 0.109804, 0 )
outline_modulate = Color( 1, 0.878431, 0.054902, 0 )
text = "Dealer deals eleven cards each.
Ghosts (dealer and dealer’s opposite)
hold their cards face out,
can gain no knowledge, and do not play."
font = SubResource( 16 )
horizontal_alignment = 0
autowrap = true
width = 2400.0

[node name="Label3D3" type="Label3D" parent="." groups=["poem_label"]]
transform = Transform( -4.37114e-08, 0.173648, 0.984808, 0, 0.984808, -0.173648, -1, -7.59041e-09, -4.30473e-08, -80, 30, 0 )
pixel_size = 0.1
offset = Vector2( -750, 0 )
shaded = true
modulate = Color( 0.0823529, 0.0627451, 0.109804, 0 )
outline_modulate = Color( 0.443137, 0.615686, 1, 0 )
text = "Dealer deals eleven cards each.
Ghosts (dealer and dealer’s opposite)
hold their cards face out,
can gain no knowledge, and do not play."
font = SubResource( 16 )
horizontal_alignment = 0
autowrap = true
width = 2400.0

[node name="Label3D4" type="Label3D" parent="." groups=["poem_label"]]
transform = Transform( -4.37114e-08, -0.173648, -0.984808, 0, 0.984808, -0.173648, 1, -7.59041e-09, -4.30473e-08, 80, 30, 0 )
pixel_size = 0.1
offset = Vector2( -750, 0 )
shaded = true
modulate = Color( 0.0823529, 0.0627451, 0.109804, 0 )
outline_modulate = Color( 0.0509804, 0.392157, 0.482353, 0 )
text = "Dealer deals eleven cards each.
Ghosts (dealer and dealer’s opposite)
hold their cards face out,
can gain no knowledge, and do not play."
font = SubResource( 16 )
horizontal_alignment = 0
autowrap = true
width = 2400.0

[node name="PoemLabelTimer" type="Timer" parent="."]
one_shot = true

[connection signal="timeout" from="PoemLabelTimer" to="." method="_on_PoemLabelTimer_timeout"]
